SECRET_KEY="[
   33,  92,  11, 247,  68, 156,  45,  61,  53, 204, 181,
  200, 132, 191,  40,  92, 163, 242, 159, 124, 218, 184,
   59, 133, 214,  93, 192, 126,  65, 229, 162, 125,  66,
  130,  86, 102, 186, 135, 184, 149,  74,  94,  86, 111,
  119, 163,  72,   5, 254, 147, 128,  19, 106, 128, 163,
  199,  66,  95, 116,  30,  78, 234, 131, 160
]"

SECRET_KEY_2="[
  220, 177,  50,  65,   8,  73, 247,  57, 142, 204,  27,
  244, 131, 206, 196, 125, 251, 241, 148, 229, 207, 165,
   50,   4,  11, 226, 160, 139, 168, 193,  56,   0, 244,
  151,  29, 188, 197,  26, 203,  77, 244,  82, 192, 192,
   91, 235, 218, 179,  42, 136, 172,  57, 237, 170, 119,
  166, 252,   7, 170,  92, 151, 164, 229,  55
]"